COM Lines not in the MPC's 80-column format are ignored.
COM See https://www.minorplanetcenter.net/iau/info/OpticalObs.html for a
COM format specification.  In the following header line, 'nn' = notes 1
COM and 2; 'B' = photometric band; 'z' = astrometric catalog used for the
COM reduction; '<ref'> = reference; 'COD' = MPC three-character
COM observatory code.

123456789|123456789|123456789|123456789|123456789|123456789|123456789|123456789|
<-ObjDesig->*nnYYYY MM DD.DDDDD HH MM SS.SSSsdd mm ss.ss<blanks >MM.MMBz<ref>COD
    Example2  C1997 04 21.34707 13 57 33.13 -09 12 14.3                      413
    Example2  C1997 04 21.39162 13 57 36.42 -09 12 37.9                      413
    Example2  C1997 04 21.43617 13 57 36.13 -09 12 59.7                      413
    Example2  C1997 04 21.48072 13 57 32.47 -09 13 17.1                      413
    Example2  C1997 04 21.52527 13 57 25.95 -09 13 27.6          12.9 V      413
    Example2  C1997 04 21.56982 13 57 17.38 -09 13 29.1                      413
    Example2  C1997 04 21.61437 13 57 07.79 -09 13 19.8                      413
    Example2  C1997 04 21.65892 13 56 58.40 -09 12 58.9                      413
    Example2  C1997 04 21.70347 13 56 50.55 -09 12 26.1                      413
    Example2  C1997 04 21.74802 13 56 45.59 -09 11 42.1                      413
    Example2  C1997 04 21.79257 13 56 44.76 -09 10 48.4                      413
    Example2  C1997 04 21.83712 13 56 49.15 -09 09 47.2                      413
    Example2  C1997 04 22.32717 14 03 16.55 -09 03 39.8                      413
    Example2  C1997 04 22.37172 14 03 57.32 -09 04 02.8                      413
    Example2  C1997 04 22.41627 14 04 33.98 -09 04 23.9                      413
    Example2  C1997 04 22.46082 14 05 06.52 -09 04 34.5                      413
    Example2  C1997 04 22.50537 14 05 35.76 -09 04 23.8                      413
    Example2  C1997 04 22.54992 14 06 02.77 -09 03 33.9                      413
    Example2  C1997 04 22.59447 14 06 29.71 -09 01 40.5                      413
    Example2  C1997 04 22.63902 14 07 04.83 -08 58 23.8                      413
J009S         A1988 11 03.40784 04 06 18.37 +19 57 39.5         x       AJ101711
J009S         A1988 11 08.69578 04 03 55.00 +19 54 12.9         x       AJ101381
J009S         A1988 12 06.49400 03 50 03.62 +19 31 09.2         x       AJ101381
J009S         A1988 12 07.47669 03 49 35.93 +19 30 20.4         x       AJ101381
J009S         A1988 12 07.54667 03 49 33.91 +19 30 17.4         x       AJ101381
J009S         C1988 12 08.41665  3 49  9.89 +19 29 35.2         x            381
J009S         C1989 01 30.17059  3 40 20.32 +19 29 31.5         x            711
J009S         C1989 02 02.46740  3 41  1.32 +19 33  3.5         x            381
J009S         C1989 02 25.08233  3 49 27.27 +20  7 27.3         x            711
J009S          1991 01 25.21822 08 56 07.46 +18 38 12.0         x       AJ105711
J009S          1991 02 05.34219 08 50 24.83 +19 06 29.3         x       AJ105711
J009S          1991 04 18.15514 08 35 09.36 +20 13 34.0         x       AJ105711
J009S          1992 01 01.44581 10 59 31.02 +07 56 56.3         x       AJ105711
J009S         C1992 02 24.39764 10 41 37.24 +09 39 10.0          18.8 Vi40908691
J009S         C1992 02 24.41844 10 41 36.62 +09 39 12.9          18.6 Vi40908691
J009S         C1992 02 24.43934 10 41 35.93 +09 39 17.5          18.6 Vi40908691
J009S          1992 03 06.09722 10 36 14.22 +10 07 54.7          17.5   AA115809
J009S         C1992 03 06.28576 10 36 08.43 +10 08 21.0                i40908691
J009S         C1992 03 06.30615 10 36 07.76 +10 08 23.9                i40908691
J009S         C1992 03 06.34488 10 36 06.66 +10 08 29.7          18.9 Vi40908691
J009S          1992 03 09.08958 10 34 45.97 +10 15 32.8          17.5   AA115809
J009S          1992 03 24.31823 10 27 59.01 +10 49 20.1                 AJ105711
J009S          1992 03 25.12431 10 27 40.28 +10 50 49.1                 AJ105711
J009S          1992 03 25.37289 10 27 34.37 +10 51 16.6                 AJ105711
J009S         C1992 04 06.11007 10 23 42.22 +11 08 42.4         x            809
J009S         C1993 01 20.50062 13 01 24.52 -04 44 48.7         x            711
J009S         C1993 03 19.21875 12 48 34.35 -02 46 07.4         x            809
J009S         C1993 03 20.23368 12 48 05.17 -02 42 37.2         x            809
J009S         C1993 03 24.19965 12 46 08.94 -02 28 48.5         x            809
J009S         C1993 03 27.39511 12 44 33.28 -02 17 38.0         x            711
J009S         C1993 03 28.32980 12 44 05.15 -02 14 21.4         x            711
J009S         C1993 04 17.30762 12 34 12.79 -01 07 59.7         x            711
    Example1  C1997 10 12.00000 00 40 10.76 +04 08 59.7                      J95
    Example1  C1997 10 13.74590 00 37 45.24 +03 53 36.5                      J95
    Example1  C1997 10 15.14060 00 35 48.03 +03 41 16.4                      691
    Example1  C1997 10 15.49120 00 35 18.30 +03 38 19.1          18.3        E12
    Example1  C1997 10 15.49180 00 35 17.54 +03 38 08.5          17.4        709
    Example1  C1997 10 17.23770 00 32 51.27 +03 22 37.8          17.5        709
    Example1  C1997 10 18.28120 00 31 23.44 +03 13 20.5                      691
    Example1  C1997 10 18.98360 00 30 24.50 +03 07 04.1                      J95
    Example1  C1997 10 19.53250 00 29 38.74 +03 02 25.5                      E12
    Example1  C1997 10 20.72950 00 27 59.69 +02 51 39.0                      J95
    Example1  C1997 10 21.42180 00 27 01.54 +02 45 38.5                      691
    Example1  C1997 10 22.06400 00 26 09.78 +02 40 01.9                      709
    Example1  C1997 10 22.47540 00 25 35.04 +02 36 27.5                      709
    Example1  C1997 10 23.57380 00 24 06.14 +02 27 10.5                      E12
    Example1  C1997 10 24.22130 00 23 14.32 +02 21 28.3                      709
    Example1  C1997 10 25.96720 00 20 56.06 +02 06 46.7                      J95
    Example1  C1997 10 26.13270 00 20 43.56 +02 05 26.7                      691
    Example1  C1997 10 27.61510 00 18 48.78 +01 53 30.9                      E12
    Example1  C1997 10 27.71310 00 18 42.14 +01 52 30.5          18.0        J95
    Example1  C1997 10 29.27330 00 16 45.01 +01 40 11.2                      691
    Example1  C1997 10 31.20490 00 14 26.51 +01 25 28.2                      709
    Example1  C1997 10 31.65640 00 13 54.61 +01 22 18.2                      E12
    Example1  C1997 11 01.41390 00 13 02.69 +01 16 37.0                      691
    Example1  C1997 11 01.95080 00 12 26.90 +01 12 45.1                      J95
    Example1  C1997 11 03.69670 00 10 34.00 +01 00 44.1                      J95
    Example1  C1997 11 04.69770 00 09 30.97 +00 54 23.8                      E12
    Example1  C1997 11 06.12480 00 08 07.13 +00 45 16.4                      691
    Example1  C1997 11 07.18850 00 07 06.94 +00 38 56.5                      709
    Example1  C1997 11 07.39190 00 06 56.05 +00 37 56.6                      E12
    Example1  C1997 11 08.93440 00 05 34.48 +00 29 09.9                      J95
    Example1  C1997 11 09.26540 00 05 17.54 +00 27 26.5                      691
    Example1  C1997 11 10.68030 00 04 10.27 +00 20 14.8                      J95
    Example1  C1997 11 11.43320 00 03 35.80 +00 16 53.1                      E12
    Example1  C1997 11 12.40600 00 02 53.37 +00 12 20.8                      691
    Example1  C1997 11 13.99751 00 01 50.65 +00 05 43.6                      J95
    Example1  C1997 11 14.17210 00 01 44.43 +00 05 05.4                      709
    Example1  C1997 11 15.07551 00 01 12.66 +00 01 45.7                      691
#Time sigma .001
     Mir      C1998 06 20.83974516 49 45.44 -35 06 10.7           2.3 V      422
     Mir      C1998 06 20.84044017 18 00.65 -36 12 22.1           1.7 V      422
     Mir      C1998 06 20.84113418 01 43.22 -36 26 21.8           1.0 V      422
     Mir      C1998 06 20.84182919 19 57.14 -33 13 27.8           0.2 V      422
#Time sigma .001
     Mir      C1998 06 20.84252321 42 26.14 -15 38 38.2                      422
     Mir      C1998 06 20.84321800 20 40.08 +16 13 59.7           0.6 V      422
     Mir      C1998 06 20.84391201 54 41.19 +31 30 12.8           2.3 V      422
     Mir      C1998 06 20.84460602 46 37.45 +37 40 31.2           3.5 V      422
     Mir      C1998 06 20.84530103 20 05.73 +41 04 07.5           4.4 V      422
     Mir      C1998 06 20.84599503 44 50.33 +43 24 26.3           5.1 V      422

