# Comments can be added,  beginning with #.  This file
# gives lat/lon rectangles contained within the given region;
# if an MPC code is within that rectangle,  we can ID it.
# Every now and then,  an MPC code is added for which no
# rectangle exists;  I then have to add a rectangle or two.
# 2024 Jun 07 version.
   7.4      23.0      -0.9      37.29359  Algeria
 303.64175 -38.50229 302.15234 -35.24411  Argentina
 300.93768 -34.54863 301.45872 -34.35379  Argentina
 301.02672 -38.17328 290.50902 -32.37026  Argentina
 302.89095 -35.28965 302.12838 -34.78234  Argentina
 301.52562 -38.73412 302.23469 -34.71156  Argentina
 301.53716 -32.76203 289.89217 -30.46666  Argentina
 300.86715 -37.92774 301.67172 -34.51240  Argentina
  44.38080  40.25636  44.17335  40.43883  Armenia
 141.01    -30.01    150.00    -33.99     Australia/NSW
 148.52754 -30.66768 151.34384 -35.116    Australia/NSW
 148.25    -36.8     150.5     -35.93     Australia/NSW
 151.01217 -33.80402 153.68080 -29.2      Australia/NSW
 149.177   -35.16    149.061   -35.37     Australia/ACT
 149.127   -35.57    148.82    -35.31     Australia/ACT
 148.945   -35.235   149.064   -35.32     Australia/ACT
 129.05    -25.9     137.95    -11.       Australia/NT
 138.05    -25.9     145.0     -10.0      Australia/QLD
 141.01    -29.99    149.9     -12.       Australia/QLD
 149.8     -28.13    155.0     -18.0      Australia/QLD
 140.95    -36.36183 129.05    -26.01     Australia/SA
 148.97923 -43.76038 143.24429 -39.31771  Australia/Tas
 141.01    -35.25    143.559   -39.3      Australia/VIC
 143.5     -36.13    147.72    -39.3      Australia/VIC
 147.7     -37.21    149.07    -39.3      Australia/VIC
 145.0     -35.91    145.668   -36.2      Australia/VIC
 128.95    -36.      112.0     -13.       Australia/WA
  11.77107  47.13301  11.07798  47.38256  Austria
  14.95533  47.58366  13.45508  48.49058  Austria
  13.77652  47.85553  15.89764  46.77534  Austria
  12.71037  47.53385  11.72928  47.11555  Austria
  13.62320  48.48479  13.46255  48.55128  Austria
  13.82595  48.48858  14.22155  48.58330  Austria
  14.90986  47.82697  16.77988  48.62573  Austria
  15.57874  48.60150  15.01147  48.88719  Austria
  15.93372  48.60211  15.53398  48.78982  Austria
  46.10015  39.06738  45.69896  39.36664  Azerbaijan
  46.89377  41.06503  47.56782  39.61658  Azerbaijan
  46.96026  39.95542  46.35821  41.06521  Azerbaijan
  30.15230  54.46161  30.24712  54.52937  Belarus
  30.35523  55.04222  30.28705  55.08988  Belarus
  30.27812  54.45837  30.34033  54.49805  Belarus
   4.9      49.81      5.71     50.75     Belgium
   4.18511  50.3       5.12566  51.27599  Belgium
   5.03911  50.69128   5.52083  51.25122  Belgium
   4.22644  51.19      3.3      50.54     Belgium
 294.4     -13.1     297.32325 -21.86877  Bolivia
 291.9     -10.75    294.56    -21.7      Bolivia
 330.28916   2.1     306.36    -32.1      Brazil
  23.72     43.78257  22.57923  43.49     Bulgaria
  23.03     42.13     28.7      43.6      Bulgaria
  23.1      41.6      26.0      42.2      Bulgaria
  22.84     42.08     23.2      42.96089  Bulgaria
 249.86930  59.89073 245.42444  49.75608  Canada/Alberta
 236.05     48.95000 236.73242  48.30226  Canada/BritColumbia
 298.30604  43.60429 295.96096  44.91909  Canada/Nova Scotia
 285.38574  45.38654 284.44996  45.47462  Canada/Ontario
 285.30635  45.04469 284.26289  45.40900  Canada/Ontario
 278.01652  46.07583 280.78125  42.81625  Canada/Ontario
 280.53092  44.70740 283.10161  43.72765  Canada/Ontario
 280.61230  44.63715 282.41811  45.99670  Canada/Ontario
 281.96388  45.35858 284.33828  44.63588  Canada/Ontario
 284.05454  45.67770 284.31170  45.46830  Canada/Quebec
 288.34713  49.15252 289.08656  45.40976  Canada/Quebec
 289.08652  49.14671 283.48122  45.64804  Canada/Quebec
 288.45030  49.03629 285.83650  45.04943  Canada/Quebec
 259.00000  59.85359 264.58043  49.23669  Saskatchewan
 341.07668  29.33848 344.67     27.34900  Canary Islands (Spain)
 345.29990  27.92153 346.61836  29.48773  Canary Islands (Spain)
 287.27601 -18.48732 289.85593 -30.23000  Chile
 289.63796 -21.14104 291.00284 -19.37383  Chile
 289.68590 -24.07358 291.98828 -22.49820  Chile
 289.71092 -22.55626 291.47813 -21.05284  Chile
 289.25121 -34.25046 289.79314 -32.89775  Chile
 285.80770 -29.84105 289.33794 -35.91613  Chile
 102.24809  38.09609 122.48633  28.34430  China
 112.97536  16.33786 111.69634  17.32442  China
 109.0      29.70569 118.0      20.0      China
  90.5      29.8      83.0      46.6      China
 119.0      23.4      99.0      41.4      China
 289.80134   6.65930 282.37228   0.92859  Colombia
  14.37218  44.83130  13.54180  45.31539  Croatia
 285.83226  19.46548 274.36275  23.57952  Cuba
  13.27408  50.15501  16.70350  49.14363  Czech Republic
  13.61627  50.11020  16.13267  50.55676  Czech Republic
  13.65693  49.53284  12.59025  50.36078  Czech Republic
  16.61382  49.92082  17.71492  49.19658  Czech Republic
  14.72286  49.17884  14.04752  48.71847  Czech Republic
   7.87268  57.21603  10.83340  55.13003  Denmark
  11.24686  55.51475  12.66328  55.77501  Denmark
 279.33622  -2.99496 282.40127   0.51311  Ecuador
  29.97687  28.99062  32.08110  30.46994  Egypt
  26.09511  58.15057  27.17496  58.57450  Estonia
  20.9      63.4      25.2      59.72     Finland
  26.28669  62.37893  30.37196  63.17464  Finland
  29.3      63.0      22.4      65.13680  Finland
  21.2      63.74796  27.53     60.21     Finland
  27.00762  62.46570  29.20649  61.34238  Finland
  27.15704  61.37688  28.54178  60.98231  Finland
  56.49389 -22.56023  54.39112 -19.98478  France (Reunion)
   6.47313  43.07395   7.47170  44.08644  France
 359.42644  45.55514 354.42487  49.06454  France
   6.45043  44.83291   6.92869  44.66553  France
   7.39646  47.89687   7.52004  47.73689  France
 358.05139  48.41314   5.18263  49.66888  France
   6.11932  46.11860   6.14777  46.14370  France
 359.24805  48.46442   5.81866  45.07158  France
   7.39606  49.02656   7.78044  48.53779  France
   1.96742  45.20164 359.97887  42.84921  France
   5.75009  47.67562   6.38579  46.80298  France
   5.61726  49.08000   7.40853  47.60524  France
   7.42463  47.61814   7.20815  47.45129  France
   0.11053  45.63178 358.54598  43.41854  France
   1.90180  42.60236   6.52492  45.13567  France
   7.47031  47.58889   7.57657  47.61036  France
   1.51183  50.11989   2.53668  51.09     France
  44.32504  41.45680  44.96372  41.83815  Georgia
  44.71709  42.29313  45.01203  42.53524  Georgia
  42.93323  41.69227  42.66417  41.86347  Georgia
  11.86763  48.90576  12.65896  47.82995  Germany
   8.36860  48.52978   8.23668  49.04188  Germany
   6.63620  51.72678   6.53515  51.86976  Germany
   8.34661  48.00262  11.90089  50.97926  Germany
   7.40419  51.71744   6.61616  51.88706  Germany
  11.30153  48.03125  12.06161  47.67951  Germany
   9.15661  50.42325   6.73535  49.23     Germany
  13.48518  50.89690  13.96587  51.25538  Germany
  12.67531  51.19280  14.43134  52.49042  Germany
  10.96989  48.04770   9.4      47.63486  Germany
  10.19652  50.29814   6.32771  51.73617  Germany
   9.42431  54.52353   9.67069  54.82626  Germany
  13.88152  52.14215   7.38403  54.50790  Germany
  12.95814  50.41432  12.96201  50.41902  Germany
   7.41326  51.89521   7.07711  52.73193  Germany
  12.63158  48.62492  13.28095  48.33621  Germany
  12.85996  50.81841   7.34744  53.18958  Germany
  10.92026  48.15199  11.33561  47.52379  Germany
  12.63383  48.61270  13.41502  48.96749  Germany
  12.74389  50.56976  13.24772  50.80878  Germany
  13.73321  48.85481  13.38786  48.58992  Germany
  18.52225  46.08073  17.75627  45.84474  Hungary
  18.02318  46.49048  19.38919  46.06637  Hungary
  20.45682  46.47066  17.60547  47.71569  Hungary
  18.04473  46.51059  17.39601  45.98276  Hungary
  19.34007  46.38363  19.88454  46.20231  Hungary
  17.62012  47.03845  16.93915  46.29733  Hungary
  20.64428  46.37501  19.87099  46.19900  Hungary
  21.54896  47.49385  20.53981  48.49713  Hungary
  21.03545  46.35997  18.92757  48.00685  Hungary
  80.94995  11.93615  72.25161  21.70166  India
 140.8      -9.95     96.4       0.8      Indonesia
 349.68828  51.33700 351.84398  54.36996  Ireland
 351.71360  51.40094 354.14121  53.94126  Ireland
  34.61037  32.75544  34.93281  31.66239  Israel
  35.03207  31.88782  35.03133  31.88867  Israel
  35.16755  31.09339  34.58640  30.44606  Israel
   9.22529  46.12911  10.32621  46.21294  Italy
   7.22159  44.33260   6.98587  44.67398  Italy
  13.97572  43.72679  13.18425  42.85468  Italy
   7.81254  44.70741   7.04130  45.20363  Italy
  13.85618  45.63548  13.88033  45.64737  Italy
  10.33888  45.77192   9.13544  46.13470  Italy
  13.42322  46.09051  13.554    46.205    Italy
   9.14671  46.04991   9.03194  45.98286  Italy
   7.82084  45.76976   8.85791  45.93909  Italy
  10.41452  45.78326   7.77584  43.70087  Italy
   9.14544  45.77229   9.05210  45.85571  Italy
  12.51691  45.91538  13.42967  46.18919  Italy
  12.32192  45.48387  13.54898  45.95027  Italy
  14.86710  35.66777  14.06173  36.20539  Malta
   9.98153  46.20762   9.30265  46.28067  Italy
  10.53103  46.42760  12.41900  46.64194  Italy
  10.31590  44.66722  12.84818  46.49271  Italy
  13.26438  41.18909  10.27730  44.78384  Italy
   7.83963  45.88043   7.18678  45.19624  Italy
  12.39965  46.18     13.11894  46.59146  Italy
  16.85007  40.21829  12.83623  42.89678  Italy
   9.05729  45.78153   8.84568  45.81827  Italy
   9.14225  45.95035   9.08380  45.85379  Italy
   7.82013  44.72374   7.18956  44.22609  Italy
  18.32110  40.31866  11.86     36.6      Italy
  13.40772  45.94012  13.50458  45.98338  Italy
  13.73348  45.62637  13.87513  45.65408  Italy
   9.13802  45.95847   9.01496  45.98434  Italy
 142.41803  40.62646 135.85227  34.65505  Japan
 145.42389  40.02539 140.37555  45.51070  Japan
 132.07509  31.12666 129.96510  33.88421  Japan
 137.47065  35.69954 130.98739  32.77891  Japan
 130.22831  28.80645 123.60558  23.99891  Japan
 128.51568  28.61316 132.03310  31.09215  Japan
  76.80139  43.16215  78.01635  43.35917  Kazakhstan
  68.94648  54.84532  69.22710  54.95710  Kazakhstan
  20.8      56.5      27.37     57.45     Latvia
  25.23357  54.61716  25.65696  55.38338  Lithuania
  23.07     54.46     25.44     56.05     Lithuania
   6.10358  49.51990   6.19952  49.59137  Luxembourg
 240.65300  25.08918 246.53771  31.98011  Mexico
 244.32956  25.81214 267.58568  14.14910  Mexico
 353.56604  35.73798 357.51698  32.50899  Morocco
 348.15687  35.45834 354.36490  30.17274  Morocco
  15.30026 -18.17073  19.80994 -27.80360  Namibia
   4.64944  53.29173   6.98727  52.70932  Netherlands
   4.36278  52.18116   4.93898  52.38185  Netherlands
   4.79648  52.88124   6.55358  51.92444  Netherlands
   5.25194  51.37910   5.91140  51.94351  Netherlands
   5.32070  52.19322   4.38880  51.55362  Netherlands
   3.31142  52.22369   4.30885  51.42195  Netherlands
 179.99964 -33.0     163.37326 -52.0      New Zealand
   4.0      59.42062  11.5      66.0      Norway
  17.22674  70.06652  20.65773  69.25394  Norway
  59.92183  22.02317  57.65821  23.96686  Oman
 281.52564 -11.13791 290.04915 -17.37018  Peru
  19.22420  54.05977  17.81850  54.69971  Poland
  22.44148  53.54546  15.56263  50.95163  Poland
  22.31687  51.13676  18.65259  49.86165  Poland
 350.04202  36.89861 352.12015  40.04591  Portugal
 351.06074  41.28876 351.76161  41.87686  Portugal
 350.79105  41.35177 352.89082  39.74868  Portugal
  27.07851  45.04467  28.12082  45.46308  Romania
  23.05     46.20137  28.0      44.15     Romania
 100.92996  51.62484 100.91512  51.61492  Russia
 147.87097  82.0      85.78350  54.39476  Russia
 137.0      42.34297 131.39585  44.70389  Russia
  20.54298  54.68216  20.44457  54.74098  Russia
  56.24474  57.66734  43.99374  51.16343  Russia
  32.53500  58.68073  30.15329  60.02166  Russia
  34.47     51.81     59.9      80.0      Russia
  42.63997  43.64096  42.40687  43.82810  Russia
  80.12065  67.09643  87.30336  55.65619  Russia
  41.47221  43.59200  41.27990  43.76269  Russia
 172.0      78.0     127.43486  50.28087  Russia
 119.4      57.0     102.4      50.73     Russia
  34.20227  55.44211  61.57681  57.57751  Russia
  42.76794  43.66783  42.53104  43.83595  Russia
  39.05161  59.84562  31.84386  64.02026  Russia
  42.60496  43.18686  42.37323  43.37487  Russia
  40.93433  44.00896  36.89120  46.00609  Russia
  30.54116  56.31013  30.49285  56.33333  Russian
  21.62744  43.09564  21.46921  43.19533  Serbia
  20.61842  44.69833  20.36477  44.95660  Serbia
 129.30596  34.99683 129.01363  35.24521  South Korea
 130.0      35.23450 127.07631  38.24005  South Korea
  17.08892  48.20689  18.50908  48.70852  Slovakia
  18.63849  48.21585  17.64866  47.81890  Slovakia
  21.98     48.58     20.13318  49.25464  Slovakia
  13.7      45.8      14.64436  46.37     Slovenia
  25.67944 -29.45349  26.82695 -28.59323  South Africa
  33.33702 -34.91447  16.00973 -29.54048  South Africa
  29.48779 -27.76375  26.28938 -25.04480  South Africa
 353.15673  38.41337 352.96623  38.91491  Spain
   0.63811  42.45263   1.29566  42.70475  Spain
 357.99562  41.60509 359.94960  42.68468  Spain
 359.04635  38.18180   3.84426  42.19356  Spain
 353.08863  37.07867 352.67005  37.70526  Spain
 354.01517  44.06738 351.98298  42.01052  Spain
   1.23369  42.20425   3.38035  42.31715  Spain
 358.01192  41.49569 353.76232  43.94090  Spain
 353.02873  38.37658 352.74144  38.71400  Spain
 359.10680  36.17    353.92993  41.61828  Spain
 354.11423  39.48736 353.22975  41.02301  Spain
 353.06263  38.39722 352.87295  38.23484  Spain
 350.33447  43.99672 352.01542  42.17897  Spain
 357.92440  42.67212 359.23211  42.94738  Spain
 359.93739  37.48754 358.95936  38.25640  Spain
 354.60324  36.      353.06     39.49919  Spain
  18.76861  57.24090  13.73735  61.67034  Sweden
  14.37558  56.23627  13.02547  55.62849  Sweden
   6.17831  46.18730   6.12009  46.31933  Switzerland
   8.50701  47.09278   7.10557  47.41936  Switzerland
   8.24722  46.47836   6.77550  47.11145  Switzerland
   8.95274  45.86221   9.01990  45.93288  Switzerland
   7.05813  46.51238   7.86613  46.07514  Switzerland
   9.05927  46.18075   8.85845  46.07033  Switzerland
   6.34541  46.48209   6.09176  46.43322  Switzerland
   8.00252  47.40629   7.45649  47.47703  Switzerland
   8.64389  46.62154   9.06862  46.17459  Switzerland
   9.23322  46.55868   8.50026  47.57926  Switzerland
 211.17965 -17.96670 210.28531 -17.38015  Tahiti
 122.49201  25.30605 119.52135  22.23798  Taiwan
 120.96746  21.69588 120.45697  22.29089  Taiwan
  69.32095  38.24574  68.52171  38.63428  Tajikistan
  32.0      34.5      34.8      35.75     Cyprus
  41.35     37.87     26.7      41.61430  Turkey
  27.1      38.0      40.3      37.0      Turkey
  28.4      37.1      35.6      35.77     Turkey
  23.02990  48.45982  22.28328  48.65960  Ukraine
  36.92971  47.90002  39.07874  49.46208  Ukraine
  34.47825  44.15279  32.66402  45.29246  Ukraine
  26.46046  48.27     35.0      51.13     Ukraine
  32.80411  46.69306  31.20490  47.50455  Ukraine
  30.38654  47.33838  37.03701  50.19871  Ukraine
  24.79999  49.50705  23.71992  50.00582  Ukraine
 303.58894 -34.13235 302.96592 -34.87199  Uruguay
 302.18632 -31.50065 302.01711 -31.37483  Uruguay
 303.06863 -34.13551 301.88885 -34.50044  Uruguay
 306.19767 -32.19005 303.52816 -35.03627  Uruguay
 146.51312  14.15603 144.79387  16.24828  US/Saipan
 274.09821  31.39566 272.08953  34.89272  US/Alabama
 268.36336  36.37514 265.67800  33.81165  US/Arkansas
 248.97814  31.48247 250.88369  31.37873  US/Arizona
 247.61342  32.48613 246.00860  36.95936  US/Arizona
 249.23374  36.91626 247.49363  31.88178  US/Arizona
 250.87184  36.86667 248.99272  31.45067  US/Arizona
 238.86410  34.91128 245.27696  32.77682  US/California
 243.46207  34.89419 244.82814  35.40058  US/California
 233.97168  38.29867 239.85402  41.89763  US/California
 240.34050  36.27090 241.61677  37.73416  US/California
 234.31524  36.11588 240.49117  38.56487  US/California
 238.86311  33.00473 244.48753  32.68207  US/California
 237.19797  34.87757 243.54896  36.39758  US/California
 239.81512  38.56778 240.24063  38.83188  US/California
 251.27290  37.17636 257.42189  40.72642  US/Colorado
 288.08929  41.23    286.52451  41.97197  US/Connecticut
 286.58396  41.03896 286.39302  41.13619  US/Connecticut
 287.06740  41.06383 286.54083  41.24     US/Connecticut
 283.05352  38.91522 282.94656  38.89205  US/Dist. of Columbia
 283.02008  38.94338 282.92284  38.91495  US/Dist. of Columbia
 284.32314  39.74019 284.41781  39.83478  US/Delaware
 280.08739  24.55355 274.09770  30.26932  US/Florida
 274.85693  30.08210 272.70328  30.93678  US/Florida
 278.07759  33.27050 275.18090  30.83992  US/Georgia
 276.52011  33.23236 274.82532  34.92468  US/Georgia
 208.11119  15.91896 199.52699  23.36126  US/Hawaii
 264.28549  40.66623 268.67268  43.42008  US/Iowa
 270.54364  39.47932 271.76096  37.54756  US/Illinois
 269.99035  39.40000 272.39884  42.44013  US/Illinois
 274.35714  39.13478 275.09390  41.59075  US/Indiana
 274.41896  38.69236 272.51996  41.62497  US/Indiana
 258.03061  37.04481 264.98072  39.44302  US/Kansas
 264.71141  37.02656 265.34441  39.13161  US/Kansas
 275.35419  38.80459 275.53264  39.05982  US/Kentucky
 266.77794  28.37703 269.79065  30.93144  US/Louisiana
 286.74501  42.05    287.90030  42.71     US/Massachusetts
 290.2      42.1     288.78     41.7      US/Massachusetts
 289.41961  42.04    287.86394  42.69     US/Massachusetts
 290.16019  41.19328 288.96360  41.73186  US/Massachusetts
 288.97082  41.72306 288.88003  41.51031  US/Massachusetts
 279.2      39.7     280.21083  38.41186  US/West Virginia
 282.98410  39.38145 284.16730  39.69751  US/Maryland
 283.15359  39.67944 282.56804  39.14057  US/Maryland
 282.79297  39.16783 283.07672  39.00463  US/Maryland
 284.00634  39.39551 283.07116  38.91496  US/Maryland
 283.73299  38.40581 282.98016  38.77862  US/Maryland
 289.40218  43.17284 292.38625  45.49407  US/Maine
 273.82685  45.50000 276.74686  41.91169  US/Michigan
 276.01155  45.39406 277.30550  42.66632  US/Michigan
 263.44847  48.40000 267.00491  45.45367  US/Minnesota
 263.59876  43.56922 267.19388  45.49729  US/Minnesota
 268.33553  36.55900 269.54974  38.86144  US/Missouri
 268.48172  40.37630 265.41096  36.56147  US/Missouri
 269.52981  38.51000 269.71555  38.91137  US/Missouri
 271.49     31.02    269.12     34.01     US/Mississippi
 279.36988  35.91417 277.11     35.23     US/North Carolina
 283.87672  36.44960 279.19530  35.05624  US/North Carolina
 256.01000  46.01000 262.94274  47.94690  US/North Dakota
 263.21675  42.64064 258.01327  40.07413  US/Nebraska
 289.01     42.88    287.71823  43.72684  US/New Hampshire
 287.55183  42.95032 288.67638  42.72690  US/New Hampshire
 286.03993  40.05112 285.26323  40.40047  US/New Jersey
 286.02081  39.51938 285.09411  40.08385  US/New Jersey
 285.06475  41.11543 285.69326  40.39727  US/NJersey
 285.58109  41.04388 285.94319  40.72276  US/NJersey
 250.96014  32.18088 251.74794  31.37343  US/New Mexico
 251.04479  36.90350 256.83688  32.10319  US/New Mexico
 251.31717  31.77652 250.96447  31.88656  US/New Mexico
 245.79594  39.10819 240.13574  41.88559  US/Nevada
 285.3      43.48866 281.15970  42.01     US/New York
 288.02765  40.59884 286.40026  40.98034  US/New York
 284.8      43.40701 283.83141  44.21315  US/New York
 285.28469  44.98    286.453    41.42     US/New York
 286.65227  40.45582 285.99421  40.75287  US/New York
 285.40609  43.38339 284.76268  44.82673  US/New York
 286.0      40.52323 285.81321  40.644    US/New York
 275.59037  41.69    275.33780  39.11907  US/Ohio
 278.10000  41.62071 275.53377  39.13711  US/Ohio
 279.40390  41.82165 278.02807  41.40543  US/Ohio
 264.66442  34.35134 263.34684  33.97883  US/Oklahoma
 265.30758  36.91492 260.85666  34.31888  US/Oklahoma
 235.91614  45.38179 237.08507  46.01402  US/Oregon
 238.21609  45.51368 238.76851  45.66509  US/Oregon
 234.26266  42.11058 242.53700  45.45399  US/Oregon
 279.50000  41.95000 284.14685  39.76448  US/Pennsylvania
 282.36194  41.40296 284.73003  39.92457  US/Pennsylvania
 284.05076  41.35314 284.62669  41.89344  US/Pennsylvania
 294.41706  17.79858 292.66117  18.71838  US/Puerto Rico
 288.57593  41.1     288.21614  42.00158  US/Rhode Island
 288.69987  41.76081 288.70101  41.76237  US/Rhode Island
 278.45121  33.18432 280.21837  34.75049  US/South Carolina
 256.02582  43.03508 262.94006  45.87507  US/South Dakota
 272.06505  36.56574 275.46641  35.09277  US/Tennessee
 259.69386  28.60968 265.69505  33.34339  US/Texas
 259.83167  31.75243 255.39546  30.01360  US/Texas
 264.19655  28.84069 260.98198  26.62710  US/Texas
 246.00609  37.01000 250.87440  40.98044  US/Utah
 248.82748  40.95510 246.02467  41.92253  US/Utah
 284.19850  36.64312 279.34199  37.42538  US/Virginia
 281.39691  37.70604 282.48261  39.02905  US/Virginia
 281.34360  37.40360 283.37554  38.08067  US/Virginia
 282.45969  39.02029 282.22998  39.26128  US/Virginia
 282.46112  38.63830 282.73284  39.01321  US/Virginia
 281.41325  37.40108 280.44364  38.31963  US/Virginia
 287.75496  44.93516 286.69528  43.74232  US/Vermont
 242.78113  46.09176 236.97857  48.94098  US/Washington
 270.50908  42.64428 271.85063  42.52370  US/Wisconsin
 268.55994  45.63911 267.39841  44.68223  US/Wisconsin
 269.70159  44.08395 268.56847  44.90404  US/Wisconsin
 272.70229  44.85605 269.40793  42.58773  US/Wisconsin
  69.38634  41.25923  69.23515  41.37295  Uzbekistan
  67.03072  38.60081  66.69847  39.28591  Uzbekistan
 298.51379  10.89575 288.12733   7.46167  Venezuela
   5.51071  51.18      5.70547  50.91883  Belgium
   6.34297  51.00898   6.17260  51.27992  Germany
  26.63057  45.41100  27.96808  46.72719  Romania
 285.08416  40.48342 284.94812  41.01119  US/New Jersey
 280.67042  39.27276 281.18351  38.88932  US/West Virginia
  13.52581  45.60564  13.78469  45.74273  Italy
   4.23751  50.37992   4.70797  50.11947  Belgium
  15.39128  54.91666  12.90015  55.68523  Sweden
  12.95356  51.26536  13.83750  50.75349  Germany
  71.42     54.55    167.0      59.0      Russia
 305.53652 -25.54862 305.39697 -25.42642  Brazil
  27.3      44.77     22.24     47.57260  Romania
  19.57343  44.15475  21.20080  45.13906  Serbia
  31.33039  47.40610  30.39340  46.42793  Ukraine
  30.78123  46.11240  30.24923  46.33999  Ukraine
  30.65547  49.04073  29.27688  47.27598  Ukraine
  29.39856  48.96114  28.28230  48.29963  Ukraine
  77.43455  42.88148  76.61461  43.19381  Kazakhstan
  96.90260  43.21432 110.16990  48.87652  Mongolia
 100.02152   6.14915  99.57825   6.45837  Malaysia
  30.30223  46.38358  30.25318  46.41961  Ukraine
  27.46413  44.05312  27.41397  44.02646  Romania
   9.96550  46.27478   9.75459  46.33378  Italy
   9.44364  46.27453   9.29940  46.45667  Italy
  85.0      31.05223  79.52197  33.94879  China
 288.84875  43.55543 289.01883  43.82094  US/New Hampshire
   7.72354  46.08248   7.84323  45.94726  Switzerland
 279.29658  35.87750 278.37300  36.50155  US/North Carolina
 116.80721  46.14765 124.77135  41.29276  China
 123.5      37.9     112.0      44.7      China
 113.48795  29.5      93.0      41.4      China
   5.90190  49.81806   6.30784  49.52869  Luxembourg
   6.10404  49.80395   5.88514  50.01196  Luxembourg
 275.00347  32.4587  275.00547  32.46070  US/Georgia
  14.57480  50.55550  13.56000  50.69136  Czech Republic
  15.35000  50.55101  14.11936  50.79937  Czech Republic
  79.51755   9.92011  82.02845   5.87815  Sri Lanka
 288.84566  43.05434 289.21137  42.90932  US/New Hampshire
   7.40123  47.65749   7.53318  47.57013  France
  12.07376  48.89947  12.30139  49.00423  Germany
   7.10484  46.51763   6.86329  46.14480  Switzerland
 287.73409  43.48336 287.69418  43.70823  US/New Hampshire
 287.74348  42.90121 287.62977  43.57021  US/New Hampshire
  74.8      32.66     79.33     33.14660  India
 279.40943  35.54311 277.63     35.208    US/North Carolina
  16.71246  41.32380  18.89564  39.65512  Italy
   6.44283  44.07038   6.839    44.68136  France
   5.69418  45.18373   6.78     46.13     France
 104.17336   3.08606 100.06346   5.58630  Malaysia
 104.82343   3.13948 101.25321   2.49142  Malaysia
 105.05283   2.59110 102.32156   1.88975  Malaysia
 102.43595   2.57526 101.81870   2.21927  Malaysia
  74.46     31        69.48     32.7      Pakistan
   6.03126  50.72360   6.03187  50.72442  Belgium
 278.85     33.91    277.58011  35.15091  US/South Carolina
  25.85     36.24444  20.51789  40.00086  Greece
  28.3      34.56925  22.0      36.51     Greece
   3.35     51.38495   2.63     50.85931  Belgium
   2.66066  51.15361   2.57584  51.02061  Belgium
  29.27     47.39     28.29     46.59     Moldova
 262.90506  26.70310 261.76033  26.11985  US/Texas
 230.1      49.05    239.9      59.9      Canada/BritColumbia
   7.89194  54.49314   9.18899  54.84021  Germany
   8.55140  47.37781   7.73     47.54     Switzerland
 124.40330  37.13088 128.78533  33.62468  South Korea
  18.       54.9      14.42221  53.31103  Poland
  18.7      43.423    17.31     45        Bosnia/Herzegovina
   0.      -90.      180.      -60.       Antarctica
 180.      -90.      360.      -60.       Antarctica
   8.84727  45.85468   8.92414  45.88722  Italy
 284.3138   44.6     283        44.7      Canada/Ontario
 280.82391  39.70499 280.53584  39.42     US/Maryland
   5.52181  51.24754   5.46573  51.28206  Belgium
 165.0       5.0     175.0      15.0      Marshall Islands
   6.8      46.48      6.20035  46.63538  Switzerland
  24.63     47.51790  22.91199  47.88     Romania
  13.49562  48.22     12.98454  47.90548  Austria
  52.6      23.0      55.19     25.5      United Arab Emirates
  56.03     25.03     55.18     26.0      United Arab Emirates
  84.4      44.7      93.55475  28.83403  China
  98.02563  17.70330 100.9      19.36933  Thailand
 352.09364  38.75    352.69271  39.29438  Portugal
 283.06185  44.62483 283.93582  44.38218  Canada/Ontario
 300.0     -30.6     292.29867 -24.37219  Argentina
  40.59     47.0      48.0      43.5      Russia
  74.66759  12.17756  79.35446   7.96808  India
  46.23     39.7      47.8      40.9      Azerbaijan
  38.9      47.6      48.0      43.6      Russia
 127.15484  37.08347 126.55479  37.73412  South Korea
 276.44939  33.23976 277.75538  33.65221  US/Georgia
   8.50459  41.33894   9.59961  43.07383  France/Corsica
   8.1      38.81120   9.86     41.31937  Italy/Sardinia
 268.27025  40.67945 268.67     40.63     US/Iowa
 286.032    40.82    286.42     40.75     US/New York
  15.8      46.16     17.05     45.35     Croatia
 354.60976  55.07636 353.25142  54.23493  UK/NIreland
 355.07042  53.95453 355.84009  54.46516  UK/Isle of Man
 351.3      61.0     357.69     55.46     UK/Scotland
 354.74457  55.53616 356.9      55.0      UK/Scotland
 354.53164  53.50835 356.70940  51.34958  UK/Wales
 356.64726  52.07315 357.00684  51.45367  UK/Wales
 357.0      52.34    356.6      52.3      UK/Wales
 356.96     52.503   356.6      52.523    UK/Wales
 357.03     52.366   357.3      52.705    UK/England
   2.0      54.92828 356.86561  53.32305  UK/England
 357.86     55.627     1.0      54.9      UK/England
 357.29     53.39      2.0      51.95     UK/England
 357.35     52.0       1.46     50.4      UK/England
 353.4      49.8     357.38     51.27     UK/England
  33.0      56.0      87.0      80.0      Russia
  85.3      50.07     89.7      56.0      Russia
 282.60     39.71    282.24265  39.44     US/Maryland
  18.56     48.10     18.95     49.48     Slovakia
 307.84973   1.5     302.85987 -21.33864  Brazil
 303.15407   0.69189 300.21642 -15.61067  Brazil
 300.49848   1.01252 295.36380 -11.61779  Brazil
 263.16     40.01    264.04795  41.29085  US/Nebraska
 254.1      25.0     246.5      31.28972  Mexico
  17.67015  46.58320  16.54     47.37037  Hungary
 291.51297  52.0     289.0      47.52     Canada/Quebec
 300.0      51.45    291.41156  48.11981  Canada/Quebec
  28.4      48.85     22.39238  48.26825  Ukraine
  83.1      40.25     75.5      36.82783  China
  48.91598  28.00444  38.53502  19.0      Saudi Arabia
  13.77782  45.59625  13.82731  45.70754  Italy
  25.20360  39.99416  21.48397  40.83096  Greece
  22.93616  40.77475  25.97215  41.18959  Greece
  99.7      17.4     102.3      11.0      Thailand
 104.7      14.5     102.2      17.4      Thailand
  21.52347  47.74     22.29     48.33     Hungary
  26.78834  40.70184  25.99059  39.40955  Turkey
  25.76170  36.42509  26.97373  37.83     Greece
  18.90274  48.29     20.29     49.16     Slovakia
   4.19987  51.18504   3.99925  51.23037  Belgium
 120.02     49.24008 129.58     42.58966  China
 287.1      40.57199 288.2      41.2      US/New York
  85.78     46.5      89.65     47.88     China
 286.10805  40.8     286.27070  41.6      US/New York
